66 1.19209289551e-07
1 7.00649232162e-48
2 5.90296373309e+20
3 3.02821751277e+23
4 3.02821751277e+23
5 3.02821751277e+23
6 1.59946005596e+24
7 1.59946005596e+24
8 1.59946005596e+24
9 1.59946005596e+24
10 1.59946005596e+24
11 1.59946005596e+24
12 1.59946005596e+24
13 1.59946005596e+24
14 1.59946005596e+24
15 1.59946005596e+24
16 1.59946005596e+24
17 1.59946005596e+24
18 1.59946005596e+24
19 1.59946005596e+24
20 1.59946005596e+24
21 1.59946005596e+24
22 2.41785163923e+24
23 2.41785163923e+24
24 2.41785163923e+24
25 2.41785163923e+24
26 2.41785163923e+24
27 2.41785163923e+24
28 2.41785163923e+24
29 2.41785163923e+24
30 2.41785163923e+24
31 2.41785163923e+24
32 2.41785163923e+24
33 2.41785163923e+24
34 2.41785163923e+24
35 2.41785163923e+24
36 2.41785163923e+24
37 2.41785163923e+24
38 2.41785163923e+24
39 2.41785163923e+24
40 2.41785163923e+24
41 2.41785163923e+24
42 2.41785163923e+24
43 2.41785163923e+24
44 2.41785163923e+24
45 2.41785163923e+24
46 2.41785163923e+24
47 2.41785163923e+24
48 2.41785163923e+24
49 2.41785163923e+24
50 2.41785163923e+24
51 2.41785163923e+24
52 2.41785163923e+24
53 2.41785163923e+24
54 2.41785163923e+24
55 2.41785163923e+24
56 2.41785163923e+24
57 2.41785163923e+24
58 2.41785163923e+24
59 2.41785163923e+24
60 2.41785163923e+24
61 2.41785163923e+24
62 2.41785163923e+24
63 2.41785163923e+24
64 2.41785163923e+24
65 2.41785163923e+24
66 2.41785163923e+24
